2231 111
810 823
202 211
177 178
687 689
842 850
1606 1622
1568 1573
2082 2086
613 625
237 243
1863 1874
72 75
1945 1955
556 565
121 131
1632 1635
2036 2044
928 954
805 808
112 119
729 746
310 318
1447 1460
1969 1973
1880 1882
1012 1030
1394 1396
1137 1168
1719 1726
1467 1475
7 36
890 892
1034 1036
1777 1802
985 996
1097 1134
1494 1495
1805 1827
1196 1197
793 794
2049 2054
1224 1231
2187 2188
1666 1708
268 273
1087 1096
1541 1560
2189 4
1277 1291
2171 2185
98 103
328 330
2118 2129
332 334
2146 2166
1332 1339
1851 1862
1485 1486
274 276
1491 1492
1834 1843
45 61
1253 1254
1006 1007
1990 2002
498 499
352 380
595 599
484 492
1936 1944
800 804
965 968
1576 1600
192 197
1876 1877
164 165
398 403
2062 2065
1496 1504
1239 1249
508 534
1009 1010
1268 1270
140 150
873 874
1528 1539
971 982
1342 1360
1926 1927
256 265
769 779
1216 1222
627 638
653 655
1638 1661
833 836
1200 1209
1747 1774
1929 1932
404 465
214 217
342 344
1302 1305
865 872
1308 1317
717 723
1415 1440
642 645
780 783
674 684
785 792
